-4.771249364337004195e+00 -5.257252867383471084e+01 -2.474986235881321051e+01
6.283218776120885529e+00 -2.466525399202789259e+01 -1.531308306676216979e+01
1.172743191941590268e+01 3.932598207857287065e+01 -3.204157104639800480e+01
-1.096188516856431860e+01 7.094309271047617926e+01 -2.985818302471718155e+01
-2.858729540704879213e+01 2.591071217795759907e+01 -3.721785040260464683e+01
3.845829717637584366e+01 4.779636550087373337e+01 -3.625421601199612098e+01
-5.017638310088692322e+01 4.894822718838478082e+00 -3.964824717840086521e+01
1.697465260249150631e+01 2.965069708646601754e+01 -3.582343155399642853e+01
5.010870903103639051e+01 3.496667461063172766e+01 -4.627651686606255765e+01
-8.187778326863268674e+00 -4.670355572054957349e+01 -2.432020838904903570e+01
-3.708172548225719822e+01 2.037922870964386846e+01 -3.679050750223036914e+01
9.086950491056537516e+00 1.241690575274117592e+01 -1.229445333883488445e+01
-6.219650226147454219e+00 -1.864284414083746100e+01 -1.666118413751376437e+01
-1.272968621961099522e+01 2.533528228041813435e+01 -3.026257077461862011e+01
-2.247302856078567856e+01 -7.673243173803722073e+01 -4.996093212162729458e+01
-3.250282571230281636e+00 5.762252281840532220e+01 -2.648046125636727055e+01
4.737990336491028387e+01 5.233659349396432248e+01 -4.076626755925395429e+01
-2.458178086760401282e+00 7.883248641887912811e+01 -3.173164621411476105e+01
-4.520800063467758889e+01 -1.774548083561435163e+01 -3.632513352599491441e+01
-4.849314406463079763e+01 5.769804012691969319e+01 -4.377765603245369164e+01
1.518197043646807387e+01 1.402831833325921806e+01 -2.565991848142625642e+01
2.134836308138270766e+01 4.458353285432654900e+01 -3.216764477837589453e+01
-1.943726271942185946e+01 6.082170312435393100e+01 -2.783100271200370202e+01
4.660833782247209456e+01 6.463993473716990934e+01 -4.554528897477389648e+01
1.687563732549239148e+01 1.826683694636071920e+01 -3.008170493904237475e+01
1.823244973948290237e+01 -5.311859183382667737e+01 -2.717500999362706438e+01
-3.019757533783270986e+01 -5.494435411893947219e+01 -3.750552923949397410e+01
4.623573484909096720e+01 2.203956085744297189e-01 -3.584034681712925874e+01
-4.356039031884490953e+01 -2.365515807897674705e+01 -3.598364580537562318e+01
-3.049430518154668945e+01 1.226917888283076330e+01 -3.365616259045215486e+01
-1.911164262544644643e+01 -4.343197641060381642e+01 -2.878489584187610717e+01
1.495476000706151964e+01 -7.108933122004928862e+01 -2.998665503964743806e+01
5.811069623331768241e+01 1.588328482030016309e+00 -4.560427881128397587e+01
-4.857480004918613758e+01 3.068946727727244550e+01 -4.576912972047311712e+01
1.195553944570715288e+01 -3.620736359347470312e+01 -2.144533133424270943e+01
2.003522071477787136e+01 7.260100639634784159e+01 -3.287896796097241747e+01
5.168032058672249462e+01 4.379330405807145610e+01 -4.652009039474662444e+01
2.064438536219712717e+01 5.095228522058236109e+01 -2.878844361714495648e+01
2.320006640296536204e+01 -5.664052964253563971e+01 -2.971822934034709718e+01
-3.179581026863428406e+01 6.252381069926919821e+01 -3.280026208554062350e+01
-4.357215849089989490e+01 -1.875360379610231121e+01 -3.522858898176036746e+01
4.142040603539397381e+01 1.207364926808012306e+01 -3.732779239783084080e+01
1.861897934637251950e+01 4.458229974931918349e+01 -3.182156783965228897e+01
4.653202880931036844e+01 2.127596928897010642e+01 -4.259496052193440363e+01
1.287738984411659260e+01 -1.259431467747053190e+01 -1.934274686793924758e+01
-3.373645209057428929e+01 -4.592548363233570186e+00 -3.059107768284363971e+01
6.164654659929978209e+01 -1.635650735331816108e+01 -5.218344419611312190e+01
-4.684634176540112804e+01 -1.452459735033715660e+01 -3.717697379941504465e+01
8.348990760168073066e+00 2.086512634712186909e+01 -2.068404215821197312e+01
-2.396369511987172984e+01 -2.385410341799473599e+01 -2.545743360292136259e+01
-1.292800160293548473e+01 -1.689979024089413429e+01 -1.991507598314085570e+01
-3.208719413822072397e+01 1.874481949213296161e+01 -3.536729020162785275e+01
4.989540636204010582e+01 2.117876425489833281e+01 -4.469229995810491829e+01
-2.878016808902829737e+01 -2.881260303373939990e+01 -2.912503657135787805e+01
-1.435742514231317557e+01 -3.668880013649815197e+01 -2.473882475708320783e+01
-1.423873726512778148e+01 -5.244034226810104826e+01 -2.674258379152142950e+01
1.473734422624005447e+01 -2.492257056946806415e+01 -1.929902323674881970e+01
-1.912407967205052728e+01 -2.139665449014020027e+01 -2.275756632353422759e+01
2.161618392544897915e+01 -1.238947608374652276e+01 -2.562714593965250742e+01
4.338950183426395313e+01 7.430215343488450230e+01 -4.574533970774132285e+01
-3.705237253655737817e+01 6.727738642946937375e+01 -3.788444208816652292e+01
-9.256723163010601496e+00 -3.311506923410909309e+01 -2.216617246820229425e+01
3.998455089436119181e+01 7.214834818636109048e+01 -4.279466639846659604e+01
-1.356203754121236171e+00 -5.931012824621821267e+01 -2.368731124153753598e+01
-1.267086152003697563e+01 4.260099001300917365e+01 -3.145137576031476812e+01
5.290928510823282238e+01 -4.121268125640095370e+00 -3.982952189458855941e+01
3.636313705595885182e+00 5.786461075144260491e+01 -2.680440836145572803e+01
1.434387403559993857e+01 -3.308394619329373398e+01 -2.373364620592830931e+01
-4.704242607680340882e+01 -4.155244761030584044e+01 -4.553479183190529511e+01
1.366327132967239244e+01 -6.893761539889740675e+01 -2.742358303659694840e+01
2.008946068474563873e+01 2.039599718077725754e+01 -3.366473954581230288e+01
7.543204439028295738e+00 -9.911007640778415340e-01 -3.684139149766342491e+00
-2.920032075323495135e+01 1.848822681874520768e+01 -3.498759196534981442e+01
-4.834157075724642283e+01 -1.746032979403344498e+01 -3.882562494638714412e+01
1.150280882574860364e+01 8.275321803636707330e+00 -1.218494288828880023e+01
-1.588032587871216705e+01 6.442964746764718598e+01 -2.852913469686176740e+01
1.370765983229341245e+01 -8.002292747675156193e+00 -2.171402949557953121e+01
2.480982232365644080e+01 5.723342522317454950e+01 -2.753037385502537404e+01
5.172392338382407218e+01 4.433501674218284450e+01 -4.644324312451025349e+01
1.633363841255238214e+01 6.082473916026346217e+01 -2.770170485829252627e+01
-1.095925682465571427e+01 -5.464791599828671309e+01 -2.554087034543571377e+01
-1.747971549216117992e+01 -5.081556013579051978e+01 -2.798696207620712428e+01
-4.685608919215464141e+01 -1.445305175396867536e+00 -3.676256869956934992e+01
6.949727696773247310e+00 -2.630193776435102748e+01 -1.565755226792721899e+01
-1.586821629780009246e+01 -5.255500019472178508e+01 -2.731923990853412221e+01
1.375310101351828962e+01 6.896534248357313857e+01 -3.017917026918420476e+01
3.306937061418962287e+01 3.503071998802095521e+00 -3.266206711246057637e+01
-4.241463279157888877e+01 6.213196920095292342e+01 -3.943871961149611138e+01
1.002234740107203059e+01 -1.059916401353798676e+01 -1.811053491147321637e+01
-2.368220395628413755e+01 7.395518567802885457e+01 -3.380137368444069068e+01
-1.261288499051631184e+01 -5.413022979325771900e+01 -2.609388103253399294e+01
7.740925186669412206e+00 1.099438685334737009e+01 -8.967791229775153639e+00
5.147904422902230692e+01 -3.334952120871101044e+01 -4.336532806043032906e+01
-4.871269807202764213e+01 6.782315217811962782e+01 -4.610550230421519302e+01
1.386094384795587686e+01 -7.255454935980677078e+01 -3.101041222521044460e+01
-1.216945212274157839e+01 -7.093032944001753037e+01 -2.915485405863341839e+01
-5.184723133704139997e+01 -2.183696389208331468e+01 -4.345158343491220876e+01
2.039055733290239925e+00 5.236348936934136589e+01 -2.634709019314749412e+01
3.291698804116473553e+01 -2.668204115009696764e+01 -2.955856445896590046e+01
3.465096626726725759e+01 7.346233490233967878e+00 -3.412294335743494145e+01
-5.759763721954474391e+00 -6.727394816906634389e+01 -2.484611798224072743e+01
5.231788951509459551e+00 4.106022769455672972e+01 -2.745481582958849032e+01
4.982771623727112598e+01 5.095703931961898192e+00 -3.916389882582478066e+01
2.371470795991693414e+00 5.596437135630591087e+01 -2.643368254385226734e+01
-1.711540348398196443e+01 -3.442177725621876050e+01 -2.757358084594533310e+01
-1.900413230918409369e+01 -6.559542240279871805e+01 -3.025327784392199604e+01
-5.187285500342353828e+01 9.991384769859228854e+00 -4.174065234920252720e+01
-1.064835551063406704e+01 6.080931163979336418e+01 -2.694213588511730251e+01
-1.901320800859588189e+01 4.967592097654647176e+01 -2.820466155901555538e+01
4.333683635494386399e-01 1.575672890964843376e+01 -9.544004333453589339e+00
-3.248562197387936124e+01 -4.195338724405969089e+01 -3.451306286696861036e+01
-3.865736533761626248e+01 4.498873033819088363e+01 -3.431402962552303393e+01
-3.205608827853262621e+00 -6.726987634549540473e+01 -2.489363131439995414e+01
5.319437176532697720e+01 -3.211130421971937920e+01 -4.488960059289755833e+01
-3.404817713424959891e+01 -4.513972710363606211e+01 -3.609165058444888530e+01
-3.501573763229166047e+01 -4.040596501832960996e+01 -3.489991751116821916e+01
-4.857920293774857612e+01 -3.328098664742693558e+01 -4.346675943267936759e+01
2.477377023547221668e+01 -2.588411007533976615e+01 -2.526800505807436892e+01
3.125954750634123158e+01 2.337901290343459237e+01 -3.606166379114858955e+01
1.797151644600752007e+01 4.936812490286620658e+01 -2.919044607351941778e+01
-5.341508855301797354e+01 4.982576480163464083e+01 -4.812681606992217098e+01
2.520162205422321477e+01 4.287463717805779595e+01 -3.148482411008352599e+01
-1.109541936744075485e+01 -1.472971844151323317e+01 -1.867529300627390043e+01
3.544429115865346347e+01 5.578384328814492932e+01 -3.185869861510285617e+01
7.098460592086086152e+00 4.777343250967608412e+01 -2.746304966600509445e+01
-4.858969329700066453e+01 -4.232526332642579803e+01 -4.763023744105421287e+01
-2.234376421123858591e+01 -1.247191797702848426e+01 -2.721132179952685348e+01
-4.358504295497711212e+01 -1.382621078477747956e+00 -3.476787856933411547e+01
-2.726079955891686524e+01 -2.318865237011278424e+01 -2.704117261382151582e+01
-3.873389883238227327e+01 7.450674524420335842e+01 -4.114797868127147495e+01
1.213270937169481201e+01 4.618514589466876430e+01 -2.929196840930749346e+01
5.349149155703022274e+01 2.283573268212920127e+01 -4.777618305646025476e+01
-3.546046065889423460e+01 7.386332172022034115e+01 -3.905166160954343013e+01
-1.097786893260455621e+01 2.814485408406861211e+01 -2.955285532637093482e+01
-5.206044463177651949e+01 1.295259971435574720e+01 -4.276950347428731192e+01
7.902341388464341421e+00 9.010523291444331173e-01 -4.177749882893839306e+00
1.969560000000000244e+01 -7.052999999999940428e-01 -2.238000000000010914e+01
2.630934275814685819e+01 -2.330649416253936579e+01 -2.543610242522883169e+01
1.506426799204774625e+01 1.718387478518521050e+01 -2.757043490132222274e+01
-1.260817910759443450e+01 -5.882133089396337766e+01 -2.550736344529354582e+01
2.119757681062155896e+01 -6.087167258391536961e+01 -2.866700638127704792e+01
-3.371288575081862859e+01 -6.148198666685130043e+00 -3.040272770821048809e+01
-9.253269535968172477e+00 2.037211042590087118e+01 -2.028786179447121185e+01
1.195834144425707635e+01 -4.954591611680985608e+01 -2.539664279301540972e+01
-5.214761929434719434e+01 -4.124827018921794775e+01 -5.113233772413227030e+01
-5.186983839480201652e+01 -1.092268682609957331e+01 -4.171142299534349007e+01
1.502667650795353005e+01 3.020072354084136279e+01 -3.458017649054484366e+01
3.139875379570421643e+01 6.450661809026760807e+01 -3.391733457117054229e+01
3.545515297904731633e-01 9.294982802549419887e+00 -3.916344772425559562e+00
1.167517266128621500e+01 -5.934601508514504076e+01 -2.440187127773874209e+01
-3.298336914796659869e+01 3.326960003163021895e+01 -3.700626771063535614e+01
-1.118370530945400887e+01 3.026170494144971101e+01 -3.135728342640434363e+01
-2.701647527003969529e+01 2.638172971004223655e+01 -3.743647645323881790e+01
2.625551388108529594e+01 1.677579205401330853e+01 -3.448671536801488458e+01
2.247448999434064731e+01 -7.595798564501066608e+01 -4.638613912188701249e+01
-1.935607874750348500e+01 4.464703142119471124e+01 -3.210609651557649613e+01
6.104948645102035698e+01 1.623742454750704223e+00 -4.938818640696906215e+01
-1.009328449755663470e+01 -7.218910338013569117e+01 -2.931144693531275536e+01
-1.612417222169236553e+01 6.083770097755324002e+01 -2.731768785625821394e+01
4.468404559806842968e+01 -4.369125471843478437e+01 -4.175503596639190107e+01
2.159980725979306015e+01 3.260855673289892565e+01 -3.832538230175485694e+01
2.021014113958564096e+01 7.460002111182589601e+00 -2.845295027099291474e+01
-4.203694930517620776e+01 -4.981911623527589938e+01 -4.578216945839622554e+01
-2.485685443217511725e+00 2.207570024815003507e+01 -1.542049408974146196e+01
3.002829215531136242e+01 2.831270252984646874e+01 -3.819152533510530390e+01
2.164811009572973433e+01 4.903189335673242510e+01 -3.114913634957146016e+01
2.648692838310530462e+01 -5.103990070572815085e+01 -3.140179395861771994e+01
1.328835925238059090e+01 -6.529003299186371123e+01 -2.545968903044972365e+01
-3.677060260208977382e+01 -5.109805095755943682e+01 -4.140926860163384049e+01
5.652108577160627334e+01 -2.566445057037396893e+01 -4.689495056009964458e+01
-2.885172589299421020e+01 -4.154830864457754558e+01 -3.333546040079711759e+01
-5.840858324875720342e+01 1.470806713648274844e+01 -4.951436796310610333e+01
3.953220693673322472e+01 5.329345295275847150e+01 -3.450634727832224513e+01
3.647279537527155924e+01 -5.062367575118681629e+01 -3.868552699943783324e+01
4.302593226937663928e+01 4.494336713478730161e+01 -3.715737310661535275e+01
1.649240205335752307e+01 -3.974945753692706063e+01 -2.405075108727619693e+01
-5.650812457722749826e+01 3.927342721973291617e+01 -5.284847042828603492e+01
3.412227300811886632e+00 -2.099599238550033675e+01 -1.543747115374842949e+01
1.465217547881450777e+01 -6.932958405449451789e+01 -2.824301984166478974e+01
-5.700281243096530659e+01 2.523065778316526320e+01 -5.200506380863937750e+01
1.641188637356315283e+01 7.062193859721733702e+01 -3.120500995239395792e+01
-3.546052776258392214e+01 6.868151803383543097e+01 -3.742240271117874073e+01
-5.366249483554056354e+01 -7.978561149280240627e+00 -4.323742100808748745e+01
1.609816804485710406e+01 -6.713298024108676998e+01 -2.758915995565097745e+01
2.352464899377470786e+01 -7.607713420951172623e+01 -4.795475303407574330e+01
6.889625463216288104e+00 4.426775647319778528e+01 -2.811970664893294725e+01
2.853172045811727031e+01 1.848904297384706652e+01 -3.537687567381906462e+01
-2.889697776974721322e+01 1.067092301681423905e+01 -3.300421619756208713e+01
-3.829906592595617809e+01 6.089288875251545363e+01 -3.565040219090012386e+01
1.332969532403549806e+01 1.374436617850487075e+01 -2.233198043181720038e+01
-2.986224064496907360e+01 -7.247423438538440621e+01 -5.259750897646980405e+01
-4.511764431500576222e+01 3.999491623134192508e+01 -3.799111548548397366e+01
5.657739376147744537e+01 -2.470308976728529871e+01 -4.684829336354870577e+01
-5.864905751734622896e+01 2.059634335655109183e+01 -5.203718524639501908e+01
-4.529081805901900992e+01 -3.253019839622477605e+01 -3.959905599676262966e+01
5.906320551840877897e+00 1.402926410389072487e+01 -1.029467478558411031e+01
-3.365423834808889580e+01 -3.658336522248515621e+01 -3.334492291479558901e+01
-3.267221723911775655e+01 -6.344027294246443205e+01 -4.458500633298050531e+01
-4.027577580978145022e+01 -5.397337763463815463e+01 -4.699972181073450628e+01
-5.893260557718814141e+01 1.679007141119675239e+01 -5.083033666068106271e+01
3.478128450807703498e+00 -6.898704773732990247e+01 -2.593475154122443271e+01
-3.053780705873843004e+01 7.093373329988475007e+01 -3.550326300942081303e+01
3.843144667493910305e+01 -5.969275150241812611e+01 -4.521920881179197238e+01
1.411270254320043271e+01 -2.703274933439496408e+01 -1.911263848446692748e+01
1.377856579920537250e+01 -7.886155514159763413e+01 -4.522478418235512265e+01
1.994997343701989578e+01 2.818270778232545126e+01 -3.704714056659967270e+01
-3.237426352955871067e+01 -3.686947533150968326e+01 -3.319500842576094612e+01
-5.729675374979461111e+00 6.409480651014855823e+01 -2.774356817856375912e+01
-3.059273966229050146e+01 2.843484169643965487e+01 -3.883700631821974270e+01
-4.402103562782504298e+01 6.277972076984476502e+01 -4.096564490727776331e+01
-1.613703311395650530e+01 -7.221581313153589576e+01 -3.314612850890916462e+01
-1.435834073141889533e+01 2.872882273002388231e+01 -3.410029406161426380e+01
4.631945117057533423e+01 -2.919199672117888511e+01 -3.714695703839061025e+01
-2.885734000000000066e+01 3.322910000000000252e+01 -2.850000000000000000e+01
-9.698866059457790234e-01 5.922452533280615938e+01 -2.683171700272741944e+01
-2.120177927990395261e+01 -8.929415932667149391e+00 -2.851006880702431090e+01
-5.352881859442078394e+01 -3.309891708808086008e+01 -4.884134121072636248e+01
8.037233630509280857e+00 -3.256638155515868505e+01 -2.157766794025850388e+01
-7.771354094381235811e+00 -3.596145519077280994e+01 -2.108422025457006299e+01
-4.691195442372056590e+01 2.397134991161960382e+00 -3.704573112193541107e+01
-3.213439075878100226e+01 -4.902332575250827063e+01 -3.672485532960196508e+01
-3.870144504124377960e+01 -2.258465307152223289e+01 -3.271705881428850660e+01
-2.358986628671047114e+01 -6.975345916981183336e+01 -3.801285851026607077e+01
9.833774597206925705e+00 6.733951037913388404e+01 -2.920189785568121721e+01
-1.746125320638898160e+01 -4.440609254255522131e+01 -2.784303154678475067e+01
5.035637099450507037e+01 3.058330210600236754e+01 -4.778911276329226610e+01
3.597264699731044857e+01 5.419614743137574209e+01 -3.222555318098346788e+01
-1.103797089293133027e+01 -2.016422480846129162e+01 -1.874214225212190499e+01
3.292210559653865687e+01 4.098971908037800915e+01 -3.050132513870820361e+01
-4.538678134018927501e+00 5.891692948387261453e+01 -2.663927269907834372e+01
-4.822420510903770996e+00 4.958927036032060442e+01 -2.638950516201738949e+01
-4.533328610073603926e+01 2.464797441942050682e+01 -4.275040150170101327e+01
-4.189166477058033422e+01 -5.049647220433399042e+01 -4.616471701277365014e+01
-1.217868413805486583e+01 -7.853885022339609634e+01 -4.378172856394418488e+01
-3.178574936962996844e+01 5.747842126853730349e+01 -3.021185988804426259e+01
4.457269009295705331e+01 -3.599804797689422031e+01 -3.795894636254978849e+01
4.435995914106731419e+01 1.009977659365794267e+01 -3.782795595597347216e+01
2.117505119787693602e+01 5.908068905875973087e+01 -2.774312746419102638e+01
-4.043518223192452865e+01 6.443582353955748943e+01 -3.894643534941486962e+01
2.355691370379187433e+01 -3.355218645947030609e+01 -2.994518714228631850e+01
2.815655224286684799e+01 -5.512672609270349255e+01 -3.267155649424251607e+01
5.194122547110254118e+01 6.908619662358115932e+01 -5.256972967195832780e+01
-1.095792941025139733e+01 -6.282129613348679698e+01 -2.508872443145424214e+01
-7.684313602294970735e+00 4.093719644362832355e+01 -2.900773068693658274e+01
4.916229263124979809e+01 4.816080542984088453e+01 -4.247497409447178285e+01
-3.839512240784095809e+01 2.645912734448766201e+01 -3.864062249753686729e+01
4.960390746471537682e+01 -2.711936295675246811e+01 -3.964311084525751028e+01
2.316057594064478309e+01 -5.251449405469693232e+01 -2.950370928961367412e+01
1.493715234394890601e+01 -3.112311714336243540e+01 -2.272861713192059696e+01
1.137202671195415782e+01 -5.116955114684672168e+01 -2.531513551433436504e+01
-5.350859653908997871e+01 6.291603915526275159e+01 -5.056456709141760086e+01
-3.374121755365011666e+01 2.206036562481713048e+01 -3.598317200904470070e+01
2.032440500567993169e+01 7.050666979662517520e+01 -3.214250953856891613e+01
3.722943377765027151e+01 -6.836361622207519417e+01 -5.315411150456073841e+01
5.229913165049978607e-01 -7.320527892282028404e+01 -2.952704718892973546e+01
-1.395364158980276059e+01 4.295225811988663622e+01 -3.170672693648517537e+01
-9.854811815038981848e+00 -7.824157509027618573e+01 -4.188614272034421759e+01
-3.997049988812261745e+01 2.811320095976598665e+01 -3.971783610064689185e+01
3.261024160173253961e+01 -4.099671690700325222e+00 -3.063899770779549314e+01
-3.047980148226460528e+01 1.062667821707194982e+00 -3.087013726382336998e+01
-5.835069337937557066e+01 2.708417728835098570e-01 -4.793845926749402508e+01
4.034207839229999593e+01 3.807715920491000361e+01 -3.295856825000013401e+01
3.212657363196526461e+01 -7.059247579902380210e+01 -4.879111089670136181e+01
-6.008905788280483051e+00 -3.840863339075676919e+01 -1.928328123227466406e+01
-3.861837998156509855e+01 -3.993575497483625014e+01 -3.671737753669162174e+01
6.709714478842582430e+00 -2.969150790696964037e+01 -1.835083262313741770e+01
2.680093444039108164e+01 6.563367523426154548e+01 -3.230754312573243681e+01
8.351166964889895183e+00 -3.600832908191766535e+01 -1.990460854859819761e+01
4.176703413030457002e-01 5.729619274194958223e+01 -2.654006307864673175e+01
2.971599032083614844e+01 -2.829229115690144791e+00 -3.040364219444202831e+01
4.929354420299964090e+01 -2.891607093057695010e+01 -3.971169912122170587e+01
-5.135843369264320302e+01 3.929658901061955589e+01 -4.595400511139310140e+01
4.617846158533469492e+01 -7.885135463065978456e+00 -3.454849346851577963e+01
3.310431095512127087e+01 6.558200674552614373e+01 -3.537597515545754590e+01
-1.579675236906843239e+01 6.866952619485653031e+01 -2.991441191094618191e+01
-2.412638066199779274e+01 5.585314255862923716e+01 -2.676374185135485817e+01
2.786016125805567256e+01 -6.674712466345145856e+01 -3.681879783602893497e+01
2.896517037136320916e+00 1.099007858046508446e+01 -5.771675857380196284e+00
-3.672118100318670031e+01 -4.828957836389636071e+01 -3.948631656947672752e+01
-1.586739976158215448e+01 -2.133863136572200148e+01 -2.105251453955568763e+01
-1.102502491605754997e+01 -1.075596348121875678e+01 -1.849799888109503243e+01
1.823066616004064855e+01 -4.055713865778390215e+01 -2.557336817226422099e+01
-2.560504404301936887e+01 -1.526642133703841253e+01 -2.782460675204118417e+01
2.981112127936781420e+01 -4.140603514294777909e+01 -3.248175679896869639e+01
-1.503006771871553227e+01 -3.389442506855514381e+01 -2.564897651488200836e+01
-2.077926034774266739e+01 3.958025397878827079e+01 -3.162698006552805552e+01
3.118427086087768174e+01 1.849500068465956559e+01 -3.584750703161547847e+01
-2.693990487246247234e+00 1.262008655326891571e+01 -6.782776857405136361e+00
2.643711228847892158e+01 -7.181949013035721308e+00 -2.937838673702181680e+01
-3.259314712355454446e+01 -6.538529004904511055e+01 -4.655922090891650100e+01
2.319528864096353260e+01 -4.357952413245514123e+01 -2.953043680966440121e+01
6.006681243025700212e+01 8.525402424226516729e+00 -4.893991146160668393e+01
-5.201279139045823285e+01 -3.696794915863315367e+01 -4.853222911896015290e+01
2.820396448918605259e+01 6.902278977460680309e+00 -3.241733313791509374e+01
-1.757866299784437203e+00 3.165763767119758931e+00 -1.555454741145588127e+00
2.797505787833237179e+01 -6.322733555263226890e+01 -3.437441970240796252e+01
-2.887513146268035413e+01 3.951439510786099163e+01 -2.972041139108706176e+01
-1.917483944506153648e+01 1.555136760934013829e+01 -3.082002930462598300e+01
9.377826535855112056e+00 7.684101838152725072e+00 -8.491020367693128179e+00
2.157666802733294631e+01 -4.355729183487290612e+01 -2.868462236348278083e+01
-5.364820904321315709e+01 2.521576674824980913e+01 -4.928400517080568477e+01
8.592768378176605992e+00 -2.630808718794370549e+01 -1.627824461318057914e+01
2.341414731402938543e+01 8.596081543817280846e+00 -3.119383945656914037e+01
-5.683788075089881886e+01 2.632732101646690381e+01 -5.217434346278944446e+01
-2.683378213311622673e+01 2.499398035672520635e+01 -3.661720415611771529e+01
-1.764195179704187666e+01 7.225910789924816413e+01 -3.152557377870323307e+01
2.965669639268551805e+01 -6.704077342647437376e+01 -3.966305105036266099e+01
1.518452852601697067e+01 4.942718243565848724e+01 -2.823702097036818515e+01
4.639829604257421636e+01 2.642323924379003230e+01 -4.393490719308037740e+01
4.118319606231223418e+01 5.332168327867422875e+01 -3.561094074526653230e+01
-4.194857149017902032e+01 -2.699770010240887430e+01 -3.547901686667733401e+01
4.288584491958785350e+01 -2.691700554153803893e+01 -3.461791977266553033e+01
-4.666437414582067333e+01 3.982208580879732551e+01 -3.969052108893347253e+01
-6.006577584397642511e+01 1.340212818800056915e+01 -5.107305958439293647e+01
4.499582206864323197e-01 6.545882941230088647e+01 -2.832494690609362209e+01
-3.846306748725012170e+01 5.420436373808861674e+01 -3.257967962956850272e+01
1.510428976989838645e+01 7.766685519635282731e+01 -3.299434584325672404e+01
-7.469918253398769359e+00 -3.327954533852096120e+01 -2.144200484105618898e+01
-5.197935967142309721e+01 -2.849346627732282400e+01 -4.544666990398741291e+01
2.019281336247139080e+01 -6.914376944871195008e+01 -3.140931001297632363e+01
-1.493090818484486171e+01 1.047690554398519325e+01 -2.120080961263004937e+01
-5.516488565032133096e+01 5.266311474955640648e+01 -5.145000968607966740e+01
5.514690651683833877e+00 -6.231840425335217049e+01 -2.375637459255565886e+01
3.475660550408172611e+01 1.011017350793935066e+01 -3.484010678560126451e+01
-8.086012797215239800e+00 -6.902693157546768532e+01 -2.606353781662208391e+01
-1.486033689270991509e+01 -2.524939534577559819e+00 -1.168541281772013818e+01
2.002838090755941991e+01 9.319380138229693245e+00 -2.912240247964997408e+01
-5.380233338151823830e+01 2.624645408530038182e+01 -4.974084634523361359e+01
2.071726827271040516e+00 1.703798453467734220e+01 -1.102958637792171359e+01
2.332427117439562636e+01 -1.326135960132096780e+00 -2.977930515613462603e+01
-3.054208067205900079e+01 -4.384651631520488024e+01 -3.427635819813029627e+01
-3.511047609518559653e+01 8.812002416406084393e+00 -3.387890920358358926e+01
2.822332980962146465e+01 2.201550477830760499e+01 -3.603400083027503342e+01
3.491955087313625938e+01 -6.758472010328627277e+01 -4.861000382300648681e+01
-3.182236283476732552e+01 1.521088934025919670e+01 -3.448494917966816331e+01
3.665712987260635991e+00 -5.784007863744044187e+01 -2.398241590577563187e+01
-1.099362455176889419e+01 -4.979878555358643411e+01 -2.570621860148502336e+01
-1.814438332370424733e+00 4.802193535234068555e+00 -2.041888276337628927e+00
-1.199887676963656391e+00 1.506531243303468326e+00 -9.658574905317530712e-01
3.459236430010906105e+01 -5.504538132019541230e+00 -3.077377184597692050e+01
-3.863795709039532511e+01 -5.558308356564059238e+01 -4.633505517040079980e+01
3.303623418641952725e+01 -4.053319203691189188e+01 -3.352583195556967155e+01
-5.692221320905015602e+01 -1.437083101862375045e+01 -4.838141004280850410e+01
-4.808718039404763545e+01 5.090308977446110816e+01 -4.086540209762583942e+01
-2.575121080650258776e+01 1.001060975490172744e+01 -3.209619385028290850e+01
-4.856751309326131860e+01 -4.584102398706606607e+01 -4.991822717955044197e+01
2.317667555155139425e+01 -5.436540110080081689e+01 -2.956460272071260675e+01
-3.849588489868099117e+01 -6.249211636180440621e+01 -5.173473600097958069e+01
4.279485587336071717e+01 5.148420288678329371e+01 -3.672161444540851960e+01
-1.724264558714155982e+01 4.749691840781272134e+01 -2.997279327696638163e+01
-6.009153886544879697e+01 -1.434935126346911716e+01 -5.312557656609972412e+01
-1.097005768816773319e+01 -5.627658103421547509e+01 -2.528949041004788967e+01
5.172681699981287551e+01 4.139221955934527841e+01 -4.701617331869640282e+01
4.974246908415504009e+01 1.312216767672898676e+01 -4.122752715067445450e+01
5.572241437487171822e+00 6.727588172150322521e+01 -2.911905159165073087e+01
-1.555938375436957166e+01 -9.455745911897572853e-01 -1.203041151215395033e+01
1.169847037008867296e+01 1.681839621771860749e+01 -2.254227695172367518e+01
-2.557894541833944935e+00 7.550950240131886915e+01 -3.086422303656897270e+01
-9.428346941451707153e+00 4.315910901237442943e+01 -2.968642703978271058e+01
1.851201957204956727e+01 3.242278880230627891e+01 -3.576238926334578139e+01
-1.585712393150064337e+01 6.710475048988089952e+01 -2.938615156747581381e+01
-4.824203775092944113e+01 -2.719253697057138197e+01 -4.068719831567516110e+01
-1.252172427581151837e+01 4.245979535449965425e+00 -1.099805833498934682e+01
3.827372497848313770e+01 -5.629997426089249757e+01 -4.284927814647024746e+01
-3.242192295292454673e+00 -3.469723080553689387e-01 -1.247584478235622019e+00
3.147606904691294716e+01 -5.036678528587513881e+01 -3.494445625227653807e+01
-3.893719726857425911e+01 -5.084626183870977911e+01 -4.338008485981956142e+01
3.633320033188402221e+01 -3.348373144337514162e+01 -3.339700340697223169e+01
-1.280910166508595616e+01 7.553810920806195384e+01 -3.161864787135657551e+01
-4.019965221218177476e+01 4.147700922000289125e+01 -3.422602167991352928e+01
5.461885660231596162e+00 -4.939976693510185157e+01 -2.480305882353839664e+01
-1.223178402709424351e+00 4.588012356682072834e+01 -2.633167837117242271e+01
1.767974681818126559e+00 6.727983824866848295e+01 -2.888540367421935073e+01
1.383381554753942133e+01 2.527033798846938595e+01 -3.144829007388127096e+01
-4.529490717379302112e+01 4.422129252983925340e+01 -3.856465710621414189e+01
-5.688221998179341199e+01 8.825255577252292483e+00 -4.627858333413552572e+01
4.630462330550357564e+01 -3.174774935510890117e+01 -3.757692801700867591e+01
-2.907590944598198490e+01 -2.585533949254164021e+00 -2.982852466828109073e+01
-4.377116761510229992e+01 8.213344073106384258e+00 -3.657571488107905111e+01
1.509958239998512397e+01 4.795246548781542550e+00 -1.518197524584500435e+01
-2.830555907793112169e+01 3.304592702782591118e+01 -3.765528465537074965e+01
-3.055915111878953283e+01 3.843076178209571481e+01 -2.915988479015641843e+01
2.792012844836553853e+01 4.782516719429444407e+01 -3.348334559717422110e+01
-3.077063014576595634e+01 4.619748817152991194e+01 -3.291507063524099408e+01
4.091731363331732041e+01 7.090366894389315000e+00 -3.565413682323306688e+01
4.618957846158431124e+01 -1.056621381273837557e+01 -3.446230356766709235e+01
-5.158263090678246954e+01 -3.575785855233610278e+01 -4.757554113069162582e+01
4.800199582595160308e+01 -2.932147871995298871e+01 -3.860420732947638811e+01
-4.523417517925414444e+01 -3.480506854272421435e+01 -4.027994620589983299e+01
-6.323682639603373623e+00 1.135126537495764643e+00 -2.847811757747485295e+00
-2.070894458655636683e+01 -1.256191965148200218e+01 -2.642369744471206516e+01
-3.051257214468151346e+01 1.493064040546916793e+01 -3.420520040877532608e+01
-1.225800944251890812e+01 5.750833749046330468e+01 -2.626726507280995904e+01
-5.040383261345126442e+01 6.964322793933719424e+01 -4.824257533881028337e+01
8.695000000000000284e+00 -7.638849999999999341e+01 -3.731000000000017280e+01
-4.205011896376587544e+01 6.724554858373063837e+01 -4.076614556187622895e+01
-3.993732044880768939e+01 7.073712360509695429e+00 -3.473431570836272897e+01
-3.250548044956868665e+00 -1.095460548235120868e+01 -1.667591542325911291e+01
-1.642417830370646215e+01 -1.136015241790514274e+01 -2.282324774919119292e+01
1.545063304352175315e+01 2.303837298516626575e+01 -3.175164399913105129e+01
1.495668228670063726e+01 -5.776105150702883151e+01 -2.534945949297823375e+01
4.799693934491115499e+01 -3.313431868446106421e+01 -3.961275868821979884e+01
-2.723641230966736515e+01 6.450117577629904986e+01 -3.161846664920278016e+01
9.748029585938956743e+00 -6.728773728149552369e+01 -2.527866557844770412e+01
5.647560410277166199e+01 6.450503772538868752e+00 -4.461611177155814545e+01
-1.726777362410044603e+01 -7.866257495517437803e+01 -4.832198032638585516e+01
-7.696424559682364830e+00 -6.202591574676409891e+01 -2.411376135964536260e+01
-2.234755827990886701e+01 1.397681631159528237e+01 -3.221348004920413644e+01
3.969563733123064431e+00 -7.064638500678320554e+01 -2.695372931289958984e+01
-1.171479454486163307e+00 7.854702199520692041e+00 -3.120579183343435314e+00
8.155694798362903342e+00 -6.236474887499965547e+01 -2.386790907762024005e+01
-5.853077169168843596e+01 8.754320098982145026e+00 -4.813039636818277955e+01
2.654639849150480657e+01 8.454509201602954604e+00 -3.236509458885659285e+01
-3.830179280272459152e+01 5.746339113385812425e+01 -3.371306399545906629e+01
-2.108749838541901056e+01 1.197549076295412718e+01 -3.069281648725191047e+01
5.795310692082365733e+01 -6.146900825324439488e+00 -4.552594951674972634e+01
4.458208945401680978e+01 -2.259919698709896707e+01 -3.507522267189678189e+01
5.331354788627017172e+01 -3.846716054515501071e+01 -4.761463142939713578e+01
-1.939407700668646228e+01 6.230548327471969117e+01 -2.841312377127536593e+01
6.624597880388790827e+00 -1.366938951040206618e+01 -1.667685716377528848e+01
-2.198752592290052377e+01 5.912320979110167229e+01 -2.761637715625445111e+01
-3.398870340120182476e+01 -5.325720215680447467e+01 -4.010218674469544453e+01
-4.492383754535088514e+01 -3.722663466846016433e+01 -4.100130351121352845e+01
2.468030094209458269e+01 2.012417776670385194e+01 -3.521740458092369153e+01
2.584259675907429710e+01 -7.425319198073499649e+01 -4.681502097636773385e+01
-2.427050834977176663e+01 -3.169652141845883264e+01 -2.864177701911312468e+01
8.310011281937809358e+00 -1.525951533679812577e+01 -1.719190605378836523e+01
-3.539107298423569148e+01 -2.573652737999591267e+01 -3.132173912573912844e+01
2.659308108940701487e+01 6.077401137835951062e+01 -2.981379311000534926e+01
-1.431635567036950718e+01 2.701726756042917188e+01 -3.339468044318041251e+01
-7.801998434846906250e+00 -2.009188441969993022e+01 -1.714861086542667223e+01
7.332691644213236160e+00 7.236945006811349401e+01 -3.041836329203630385e+01
4.841568812428138102e+01 -5.260296214004446114e+01 -5.195176254556731976e+01
2.206802856102703458e+01 5.172129331895699345e+00 -2.933554565603624908e+01
-1.911461972005832521e+01 -5.744007290165012591e+01 -2.889393957432093885e+01
-3.241180259347812864e+01 4.284805734993303616e+01 -3.166916823855424212e+01
4.134036223723065007e+01 -3.834826522870390164e+01 -3.651386555381377264e+01
-2.865183287537816526e+01 -3.531377765006254776e+01 -3.217856367986934174e+01
-4.360227764168035947e+01 -3.990168203184166096e+00 -3.462597609443660929e+01
2.458933795740358974e+01 7.062542125313183305e+01 -3.369975148903931483e+01
1.868897313161846796e+01 -6.808950752717301214e+01 -2.982502300003603679e+01
1.047039733207375356e+01 5.758376986062545200e+01 -2.667938819309174647e+01
3.331822701830170530e+01 7.919993307779571978e+01 -4.094481593812305675e+01
-3.866702115240681081e+01 -5.904137419363530626e+01 -4.894214935989036519e+01
6.708836587667673435e+00 2.760796635056687620e+01 -2.320209269369290794e+01
-2.235747035106442837e+01 -4.786582148228588096e+01 -3.055835681192220221e+01
-2.397527487541443136e+01 -3.968804873083385587e+01 -3.177151602164159883e+01
-2.053391468117363416e+01 5.302262421800802628e+01 -2.526411085593883854e+01
-5.346354287988333454e+01 -1.586225716734819535e+01 -4.410333144806309491e+01
-4.370925749482828593e+01 7.611030533057763137e+01 -4.490985683912144566e+01
7.520070948004702771e+00 1.443558738424973420e+01 -1.231787516874580390e+01
3.767104295349613352e+01 5.389328062296339095e-01 -3.272854601657155627e+01
-9.352041826016053605e+00 -5.127435198579374998e+01 -2.539168259753257217e+01
4.855918573542632544e+01 3.599790791261865053e+01 -4.382606380058671647e+01
1.988055004740434484e+01 -5.098341360803358668e+01 -2.798367449591962242e+01
-2.904955119776873218e+01 6.865229539248178980e+01 -3.400509318806773251e+01
5.492550530542975906e+01 5.458738514334243064e+01 -5.277050300088260570e+01
1.642546256249429604e+01 -7.756881399070351790e+01 -4.422023744033018744e+01
-4.538232399993718502e+01 1.955394953881776487e+01 -4.085873156725038768e+01
1.790252086953388044e+01 5.086679159271359651e+01 -2.788744388252549200e+01
6.497358973043469987e+00 -3.934354554241055979e+01 -1.815785783499256212e+01
3.904942336200093678e+01 -6.567359978536734388e+01 -5.207043613059977361e+01
3.308408690205304481e+01 -3.886235125241061894e+01 -3.343341747170372003e+01
2.236869957043004220e+01 -5.656307267578236875e+00 -2.921966007752880756e+01
5.840255123427827044e+01 2.179630590118909339e+01 -5.141445347093757334e+01
3.331503245196072527e+01 4.289289030727015017e+01 -3.162046989663776841e+01
6.151718435262127116e+01 -3.100079806940148508e+00 -5.030171224264725538e+01
-5.217531722176796904e+01 2.112461239757672971e+01 -4.646102853774483776e+01
4.585217700542840191e+01 3.914714015322959284e+01 -3.874376251015225137e+01
-2.401537771762952644e+01 5.720324213902883770e+01 -2.734201587458071003e+01
-1.407221100995898766e+01 -7.884338329948049306e+01 -4.591556205070245511e+01
2.182143657669052494e+00 2.009754335008504000e+01 -1.380475684094928113e+01
-6.038639350621137680e+01 1.675499706187224191e+01 -5.256543239840554094e+01
9.615611008352159317e+00 4.671312895297966605e+01 -2.841675869524943820e+01
-4.757486748232787832e+00 -1.859712868525578955e+01 -1.639878404578018589e+01
3.150164061097162715e+01 -3.557045716413072967e+01 -3.289089815654112670e+01
-4.817765004328111900e+01 -2.560155501133198896e+01 -4.015388910512707099e+01
4.004039510242429856e+01 7.598253811106421551e+01 -4.420430585954422043e+01
3.140327343185540343e+01 9.022569831905508764e+00 -3.380982617203464713e+01
4.358304661398010182e+01 -5.107783223142756412e+01 -4.537181091420249857e+01
-3.211081787696069512e+01 -6.207319980455949349e+00 -2.998097532007532706e+01
2.299157987444072404e+01 6.898153728572911803e+01 -3.237980120303846832e+01
-3.702509166906709481e+01 -2.353929959382523407e+01 -3.191166629221929796e+01
-1.455436616708165687e+01 4.122577328742657699e+01 -3.259154539783433790e+01
-8.063351461258584152e+00 1.039036536150691425e+01 -8.310892533634492096e+00
-5.520884635171015731e+01 -1.162375937592875275e+01 -4.570599700598737769e+01
-1.283728684794426478e+01 1.743441394014964985e+01 -2.401774723717726445e+01
-6.038123316605742730e+01 1.542779006398384833e+00 -5.081904812365146995e+01
-2.527514920834559931e+01 1.852186096294277462e+01 -3.462511921989749908e+01
-2.722354318186931366e+01 -4.529854236828740710e+01 -3.303225546684947034e+01
2.996103072401404432e+01 7.867782127845804041e+01 -3.882657466299900761e+01
-5.377236466564912831e+01 1.464081235768606959e+01 -4.484054734818626287e+01
2.676981303001912238e+01 6.394265048908719251e+01 -3.153812011840063789e+01
-2.437946457948380186e+01 2.010977374621176494e+01 -3.500822707575728288e+01
1.691917082316186693e+01 -4.253871212261415735e+01 -2.520721593444995179e+01
-3.039123929367177013e+01 5.581032447794374463e+01 -2.875090192235706610e+01
2.198201897678117689e+01 3.934550562443804722e+01 -3.149386862213456340e+01
5.109868839066005108e+01 3.924910226636498578e+01 -4.639445768165560224e+01
4.808262670432521091e+00 -1.040588923861895054e+01 -1.680474636604172289e+01
4.832237574462451590e+01 7.746610955429306955e+01 -5.134951733272816909e+01
-3.721553095008029288e+01 -6.095505803710169346e+01 -4.860146974614778514e+01
1.174660856953098786e+01 -7.095223777304167534e+00 -2.210569378454177780e+01
-4.690387412561867819e+01 2.179750102641401099e+01 -4.280203192160982439e+01
-5.389236271277748358e+01 7.115127894829549859e+01 -5.269089331685394484e+01
1.477466000259818202e+01 4.617654623707254302e+01 -2.999321698475456088e+01
2.683917068738140799e+01 7.857133923975551681e+01 -3.717280341867174798e+01
-3.050769650380758691e+01 6.713620233845244911e+01 -3.413331389930356607e+01
-5.194635718135032221e+01 1.694074519079303442e+01 -4.420854952576225116e+01
4.536436653833809629e+01 6.767143803587019590e+01 -4.534140993811167419e+01
-5.183242000672576211e+01 2.435706822921636316e+00 -4.084511584585403909e+01
-3.876238992905514635e+01 7.924263853133719238e+01 -4.265929176382520893e+01
-2.236271731183255795e+01 1.223377742393267198e+01 -3.158703719817813749e+01
4.672614550314999349e+01 -5.590781321158861772e+01 -5.261347492363947964e+01
1.318496575290322781e+01 -1.954203459235690588e+01 -1.895198112009576619e+01
2.168652504591278429e+01 5.457863485653748370e+01 -2.605396924771846301e+01
6.872719211867244660e+00 3.783931056904116019e+01 -2.808904072877577818e+01
-1.254842000605136398e+01 -6.429258778639383820e+01 -2.596555226973421782e+01
2.815294982454866002e+01 -5.773019520873689459e+01 -3.299465547750172334e+01
1.138320514825831786e+01 -1.197623671144915036e+01 -1.849098092603171395e+01
4.168224943774359303e+01 6.718402165857006025e+01 -4.210101187727291006e+01
6.882724450335288680e+00 4.660403736974365785e+01 -2.765422434097605375e+01
-1.226262521065452482e+01 7.226269146833320178e+01 -3.046753838119676772e+01
1.488613370083330700e+01 -1.946334387570679780e+00 -1.125654192047864477e+01
4.645326770609663924e+01 8.188749562676363780e+00 -3.805184386743692215e+01
-8.034114846694754064e+00 -5.599309863765762429e+01 -2.473828163029057237e+01
5.309745065409849474e+01 1.055202068662811499e+01 -4.288447436594186968e+01
4.608241638373674398e+00 -9.935099967779487784e+00 -1.670768031692569622e+01
-3.348820110551233142e+01 7.894053246174340188e+01 -3.957570846769516493e+01
-5.185623541372420675e+01 -4.255361232044157305e+01 -5.165245680474157552e+01
-4.072190505855612486e+01 -4.921126265340593164e+01 -4.394118457153779644e+01
2.615600071403370208e+01 -6.435454880075313611e+01 -3.323250843270098187e+01
1.478305743013497775e+01 4.451283920816419482e+01 -3.079864230120003299e+01
-3.712024851321379515e+01 -5.483197649095497184e+01 -4.416554905607787163e+01
-4.161753522521037141e+00 3.490049016756527323e+01 -2.501280426724483874e+01
3.276608118359361832e+00 3.011830008869005226e+01 -2.215348997711044632e+01
-7.276734536092628602e-02 -3.912063098044620801e+01 -1.747183492599247145e+01
4.803462215982600370e+00 -2.552891427934642188e+00 -2.431177893890465569e+00
1.592711763864531349e+01 -7.913465728029053992e+01 -4.713822037876591509e+01
-4.730710236358254406e+01 2.607916209481072656e+01 -4.490225674425548164e+01
2.391636979339188951e-01 7.715593967925070729e+01 -3.134195528985605250e+01
-4.491399896149371074e+00 -5.938173492274147236e+01 -2.385042170086763846e+01
-4.535281770430643178e+01 6.458724522669325552e+01 -4.239344919386822141e+01
-3.544321776337619667e+01 7.387883352142752713e+00 -3.363698022282081013e+01
2.813397678885600683e+01 -5.018781200451739721e+01 -3.244453290720009875e+01
-1.227518427688567115e+00 5.084737327404099005e+01 -2.624502664457858714e+01
3.467487716145889465e+01 -5.054319675334251372e+01 -3.734440391925811298e+01
4.098698674900430916e+01 3.260840990881625601e+01 -4.109630872538707536e+01
-1.797599736923630953e+00 1.418097105798344515e+01 -8.081205915276012064e+00
-2.428272076574794980e+01 -3.535451931812952608e+01 -3.157838625217823392e+01
4.458633219373950851e+01 -2.758770687475099592e+01 -3.574206317116594533e+01
-2.216326856707409121e+01 1.190811969910866797e+00 -2.808639332930119892e+01
4.939856859091387165e+00 4.942314918605843843e+01 -2.681320598877552541e+01
-2.077850307025183341e+01 -2.786758534258335018e+01 -2.450278917860095262e+01
-3.342268139368351143e+01 4.283873644727192698e+01 -3.184303979207411572e+01
-3.409859434503707831e+01 2.653187281647123541e+01 -3.799076172866999457e+01
-4.386947696452625678e+01 -4.391359379785264139e+01 -4.347578857899461724e+01
-6.072042366821835735e+00 4.155495467017014732e+01 -2.789034674501343147e+01
1.861562154219029708e+01 7.860336392605693945e+00 -2.647957232065608224e+01
2.647773348178645847e+01 -4.198333467562014221e+01 -3.116116041137891557e+01
4.798717947641802084e+01 6.608700492579531627e+00 -3.839450732907292974e+01
1.522415267900839808e+01 5.436666707504637230e+01 -2.619918288201285961e+01
-2.400279461345127885e+01 -2.641205029210744826e+01 -2.611848867147166331e+01
-5.198091938304081339e+01 6.402435308131524039e+01 -4.879514067398731925e+01
3.982740637777290971e+01 2.301833054848222559e+01 -3.869775965033522169e+01
2.496498827594886194e+01 4.901124847347079339e+01 -3.283345665013280268e+01
-1.966303620076796221e+01 4.672564061935796786e+01 -3.126094765589621716e+01
-3.376489048303211860e+01 2.459703482183871159e+01 -3.673562543028519656e+01
1.813427950195567107e+01 -1.964917293267573228e+01 -2.133194761399384021e+01
1.529414018658472685e+01 6.412536859379254395e+01 -2.879046275517852749e+01
4.640041384079786724e+01 1.858876576724586371e+01 -4.134646385150033154e+01
4.371162618746780026e-01 5.886438783662057261e+01 -2.683304276007958578e+01
2.468653997059024618e+01 1.843407554738281817e+01 -3.466751718196304921e+01
3.128603933625083755e+01 -1.432039818225473127e+01 -2.891319509742116267e+01
-6.343134085144773060e+00 -4.658255093513020029e+01 -2.402583428049733172e+01
2.771588118927623512e+01 6.096944925142851446e+01 -3.029143608854841574e+01
-1.040464971432106012e+01 1.037554627073557789e+01 -1.134657883601656891e+01
-1.599861110702590317e+01 2.196412375909147841e+01 -3.174535144377741602e+01
-5.534042320338066645e+01 -1.300321017404015400e+01 -4.607334429267556430e+01
-2.727111014010771584e+01 5.472535923678454850e+01 -2.691794121196347689e+01
-5.044578895999329404e+01 4.773274367928219419e+01 -4.361024968727252116e+01
3.177875947084164565e+01 -3.694251366954879501e+01 -3.319958003270731695e+01
7.430232438329900546e+00 -7.849584342213748300e+01 -4.193337747062505372e+01
-4.521793831452980861e+00 -3.659506327304337958e+01 -1.948124974945718435e+01
-3.866391769440838289e+01 8.461079747500564352e+00 -3.471273371139952957e+01
-4.512150538311864523e+01 5.982937947630819053e+01 -4.084339577821389611e+01
-5.531796151924838512e+01 2.766060754241498287e+01 -5.128746136622753227e+01
6.455159939758152277e+00 -1.626650462596737623e-01 -2.879835634253422594e+00
-8.003217363537974194e+00 4.778370903766207789e+01 -2.733339995279951751e+01
-2.403789814819922555e+01 8.545384344737687599e+00 -3.111524190573040727e+01
-3.704597918474421192e+01 6.622596274441221453e+01 -3.751061733790349706e+01
-1.912069395929707838e+01 -4.189895575420660379e+01 -2.873054258112594539e+01
-2.544172855213533424e+01 3.956041057147223938e+01 -3.024726600765107420e+01
-1.266952831504751353e+00 6.272045727570196405e+00 -2.489827066322169991e+00
-3.864909862566183563e+01 -2.914705610449075834e+01 -3.373875602820967146e+01
5.704303032257198680e+01 2.326460332075493653e+01 -5.080443800208185223e+01
1.003120979477351504e+01 -3.332869945055402638e+01 -2.179964131473870026e+01
4.618060769288015166e+01 -1.281372503568395338e+01 -3.460540503054373573e+01
4.461171516987385388e+01 -2.360268946961080516e+01 -3.525906667026863772e+01
4.297377736995098019e+01 8.338276601857714354e+00 -3.661354372572083804e+01
3.813670686619518335e+01 2.361639269946244113e+01 -3.772312244985827334e+01
3.872647729299999497e+01 3.806175297810001013e+01 -3.153535750000014559e+01
2.322837743253671050e+01 -5.696110019017738502e+00 -2.925710188801621214e+01
5.209110518859124284e+01 3.614243258368965428e+01 -4.850509850244871046e+01
6.558474285353270261e+00 5.763449847695234496e+01 -2.681239188827141717e+01
-2.397833942597616286e+01 -5.291580624622764617e+01 -3.222035108980385587e+01
5.140354604200039290e+01 9.964008025656392320e+00 -4.152674841742096135e+01
3.607980113322705051e+01 2.489469009280735534e+01 -3.690918711863598389e+01
2.509579821548002343e+01 3.946310773953563000e+01 -3.010586071775663797e+01
-3.045443205415376653e+01 -2.328380452635395059e+01 -2.863494882659007956e+01
6.019488721503338269e+01 -1.827086611888243084e+01 -5.043981721775275417e+01
-1.106303258050997051e+01 -2.298332742625593283e+01 -1.848664506594478141e+01
-2.896610985096461377e+01 2.832251532538695571e+01 -3.863380021529017228e+01
-1.616820776574976293e+01 4.290638244524181744e+01 -3.222312233884543531e+01
-4.023693425748761854e+01 5.721489949116346452e+01 -3.494528549011364760e+01
-3.048048265237166987e+01 -1.859751823573242291e+01 -2.896558528740242267e+01
-4.885330673686992498e+01 6.284128717742254366e+01 -4.518984900318812947e+01
1.696993181243176707e+01 7.854942643246651812e-01 -1.549118699356613149e+01
3.104092210336259683e+01 6.098014521109754327e+01 -3.190719331250384272e+01
-4.539699051044520672e+01 7.436373082720977834e+01 -4.533021940991038434e+01
1.464352712490975605e+01 -4.651794449141199550e+01 -2.558629682603663724e+01
-3.697486680283959970e+01 -3.504050096466318109e+01 -3.417236848357156020e+01
5.141468475587787168e+01 1.152478792246059136e+01 -4.191310951677833430e+01
1.154542161027262459e+01 -9.166236025243268415e+00 -1.994741997716756998e+01
-2.439159590742386996e+01 -3.002097809547059271e+01 -2.755288036615722902e+01
2.131381546533667048e+01 -2.662235684705715855e+01 -2.339010962155920481e+01
-4.687240935156659560e+01 4.484787697868775780e+01 -3.990952162919818846e+01
-1.651401735853401886e+00 3.164974450784871962e+01 -2.268764580899354755e+01
-1.469423925677872411e+01 6.630582338638281392e+00 -1.556146969007124525e+01
-2.203985783135064835e+01 -6.594699474975141307e+00 -2.901173949910052485e+01
-4.275620310064887519e+00 1.394140601981312955e+01 -8.523348051355320365e+00
-3.709068233835817807e+01 1.808762266578404976e+01 -3.640954341538665062e+01
9.358604352064491039e+00 6.736646939696288250e+00 -8.021792133757369214e+00
-1.913692295315020431e+01 5.556839476039080949e+01 -2.604968759553700508e+01
3.478079944809825008e+01 -4.381633697560205576e+01 -3.497442023402433620e+01
-4.030543733910869975e+01 -5.481308216181012938e+00 -3.279471219537895621e+01
2.344557330364022363e+01 -2.802191633286181016e+01 -2.493445985959478506e+01
-3.527046539512492274e+01 -5.528867024810155328e+01 -4.241198921495730190e+01
-2.077832292078384668e+01 7.034893016794667631e+01 -3.167315417330079441e+01
1.375770367502327041e+01 6.735625298473853206e+01 -2.970013535138382821e+01
-2.081542375017477653e+01 1.006320879541033086e+01 -2.987834416384062663e+01
1.251992383779471973e+00 -3.382963146352024886e+00 -1.528633123411784256e+00
-4.488342890190248902e+00 4.329652615326123311e+01 -2.707700482513981655e+01
4.321050475353691023e-02 1.258662848893769892e+00 -9.170858462263599131e-01
-1.429851527002710121e+01 3.773378674059576099e+01 -3.371243673279669650e+01
1.494151696396557760e+01 2.216920869812849304e+01 -3.062023070377440348e+01
4.494030297970169840e+01 6.391830061321066836e+01 -4.364260212514678017e+01
-5.515618249254714556e+01 -6.612396617935303311e+00 -4.478207408920063415e+01
2.827250291514677016e+01 7.371424248382405153e+01 -3.636954930789984530e+01
2.489926670169730372e+01 -3.864897122261764650e+01 -3.043597619259092113e+01
4.666573349704437135e+01 6.515736203094671453e+01 -4.579098092671385700e+01
4.789388598727900614e+01 -1.382942111781462735e+01 -3.599581070857607301e+01
-3.091162775697466003e+01 -3.528570560818226198e+01 -3.253542638637916440e+01
2.164161692187496300e+01 -7.732481833103405222e+01 -4.834449209573266160e+01
2.084651092033982245e+00 1.884925480848556134e+01 -1.260307670397889979e+01
1.180079662108442839e+01 2.309193914541273429e+01 -2.743209737593044295e+01
-7.785843195486881640e+00 -2.513858757953879319e+01 -1.644779836260642725e+01
-3.711451762514876407e+01 7.268538315999427368e+01 -3.963840031056820123e+01
4.450770521118472800e+01 -7.795181894428703018e+00 -3.361134283554908819e+01
3.659883109487001462e+01 -1.089988848018074608e+00 -3.201994636827613760e+01
-4.028209531899288010e+01 -1.754294337105283219e+01 -3.304667895969542002e+01
4.985757939004065165e+00 5.438774198130814597e+01 -2.656336394454548966e+01
-7.736858344686069699e+00 5.557310475922182746e+01 -2.617791116387626360e+01
4.791928539927613429e+01 -2.429041798396415786e+01 -3.768655943783409157e+01
-1.415109855314668152e+01 -6.427487063160199909e+01 -2.669749548373603787e+01
-2.410975932599999094e+00 -4.126893082599996987e+00 -2.026775520000084985e+00
4.652908238836732124e+01 2.785017897403560738e+01 -4.437637330195434515e+01
-4.687352777051079045e+01 -4.138788661881308784e+00 -3.676922775179671987e+01
-6.204348344501015688e+00 5.245672405632780055e+01 -2.618140205857092084e+01
6.874900788146595332e+00 3.949455559709662111e+01 -2.828693793802597867e+01
-4.390380200738273686e+01 1.014980526705124575e+01 -3.724900719279836636e+01
1.334482358441512950e+01 -2.503358018941941410e+01 -1.863213706666885727e+01
2.579787281904004637e-01 -4.791808388209596536e+00 -2.175586305920074182e+00
2.675978510634109853e+01 -1.058696308592769242e+01 -2.864613534829731378e+01
2.490031966749435099e+01 1.489420089081453646e+01 -3.356575526886166472e+01
5.883203197409643792e+01 2.266430700740446724e+01 -5.222433755836787128e+01
-6.058845705263440351e+00 7.195881304286648117e+01 -2.972942595694576795e+01
-2.919257747565860583e+01 4.790924122739552615e+01 -3.304494122329377603e+01
-1.424310463321380915e+01 -5.133566478054397919e+01 -2.674014096689402820e+01
2.483839233223485365e+01 -5.816864184536493809e+01 -3.075252205889002965e+01
-1.806539233339039896e+01 3.049402828822712763e+01 -3.701415826322560321e+01
-2.843034798669888730e+01 4.882908725534256433e+01 -3.263875462669379601e+01
-4.868655514878398805e+01 2.609690090340084367e+01 -4.602836049643250504e+01
5.976531917088141199e+01 -6.302818730534671232e+00 -4.810187964943283134e+01
4.957204307001630283e+00 9.050705021878982848e+00 -5.239989033692884490e+00
3.803235586850253469e+01 1.001903584323908092e+01 -3.564694660192531472e+01
3.313179737816687975e+01 2.361980155974436713e+01 -3.620199563596808900e+01
1.210929711889319371e+01 2.530815318536839342e+01 -2.929322714360100832e+01
2.300321022189646314e+01 -7.137675449288147789e+00 -2.875684729862082278e+01
-3.990658873673176288e+01 -3.591561807753056002e+01 -3.604577926553729128e+01
-2.849102889675936012e+01 8.755091474592946454e+00 -3.244182762240647833e+01
-2.724029865845849940e+01 -7.178830733270347153e+00 -2.912020900497134335e+01
2.607233450698334565e+01 3.974874640785228763e+01 -2.997560539667123791e+01
-2.630430718479679797e+00 -3.305205596631703457e+01 -2.031370278091269199e+01
-4.037495796571322160e+01 6.876320101385059047e+01 -4.021606485961140720e+01
4.120427469755229311e+01 -3.007616319629619284e+01 -3.416356081041058701e+01
-1.746529181902738159e+01 -3.680210523496688779e+01 -2.728916710718828043e+01
-2.236051986085105980e+01 -5.005662525842603827e+01 -3.068661482480193925e+01
-1.126658564148395314e+01 3.610011999020319706e+01 -3.291921248241395404e+01
6.417797921481660062e+00 7.086429648842967666e+00 -5.171252668995817814e+00
-5.872644747422655342e+01 -1.485627279646439547e+01 -5.105293022071840170e+01
1.003660162579416948e+01 -5.143412819487637933e+01 -2.501193981146338885e+01
-1.722055221665895530e+01 5.918629852736309971e+01 -2.694344713220992205e+01
-2.534158177346713359e+01 1.525535258443213138e+01 -3.349790754993959752e+01
-2.119314787595155991e+01 -7.220939322501195079e+01 -3.840084946917755815e+01
-3.507594301821858096e+01 -4.515480626168856304e+01 -3.657835375137002387e+01
-2.884819716738569895e+01 6.717170457107879145e+01 -3.335372970159609451e+01
-2.369864943942791768e+01 4.625019748818471754e+01 -3.228472133677040290e+01
-3.209143416212433664e+01 -5.732050701254083691e+01 -4.016961643426026995e+01
1.308380676360921369e+00 -1.760141319771667962e-02 -7.816210583141186552e-01
-3.556007050758297083e+01 2.459084393089399256e+01 -3.714295927564818811e+01
3.388128755608033060e+00 6.088298318414494759e+01 -2.747787725264113234e+01
5.485808103607111974e+01 -2.565815701165452012e+01 -4.498325879037101060e+01
1.787100774637664813e+01 5.444665352054520469e+01 -2.613071328660107184e+01
-7.426339843647409289e+00 1.597989380476629151e+01 -1.283850805883585267e+01
-3.225686193144817082e+01 -3.235868017386297169e+01 -3.172666295272368941e+01
9.784754703255584829e+00 -5.426388713233181704e+01 -2.486506606492913107e+01
2.451385483498839335e+01 6.401008686975663409e+01 -3.073259524450840630e+01
2.836921625492339416e+01 -1.399549905151878093e+01 -2.816626500814773593e+01
-5.671692780735414630e+01 -1.277943895241174310e+01 -4.786553904932595316e+01
5.834319770302113284e+01 -1.150617604307968023e+01 -4.686594841684685520e+01
8.449879946673901188e+00 3.181059318915105294e+01 -2.762740229089862254e+01
-2.045415726640394638e+01 -6.752274530159462529e+01 -3.250845021658490452e+01
-2.075302766751966033e+01 -5.270408036045489553e+01 -2.983726045809180505e+01
2.002965763728997928e+01 1.175141084056043006e+01 -3.000806899189963062e+01
4.507617800341218839e+01 7.061761891043688877e+01 -4.589625599338903328e+01
5.312841447090636393e+01 1.149722026150254450e+01 -4.312838488703337703e+01
-5.683462990167267037e+01 4.787889956403056146e+00 -4.585388155743176952e+01
4.306313382671920209e+01 3.450714102405675110e+00 -3.516911023533385361e+01
4.462028184981152634e+01 4.970473221982695833e+01 -3.819015826610911546e+01
4.656538237611338360e+01 2.526424256973114524e+01 -4.387851856591193922e+01
3.156825098507644611e+01 -6.477890320662484669e+01 -3.998205623214361282e+01
3.348222483112363790e+01 3.299392594532497469e+01 -3.720170118578339213e+01
3.804390694715972643e+01 3.858399869302247964e+01 -3.143066931468725400e+01
4.508619006034123089e+01 -4.558184317165854793e+01 -4.334350897923467727e+01
4.878245092474470468e+00 -5.270821191994500765e+01 -2.466933942551610670e+01
-7.749889362605893339e+00 2.179314460374602191e+01 -1.912358991388919804e+01
-2.870286698078200516e+01 3.723274205438347195e+01 -2.806260081799276307e+01
-3.047843849328692656e+01 -1.574943571776742957e+01 -2.928012223109623591e+01
-2.233994056326901401e+01 -2.317752449224824574e+01 -2.449291453091386117e+01
-4.491620767486899979e+01 1.019843000913486719e+01 -3.766873890088362486e+01
1.333155129394558358e+01 -5.783168144235565933e+01 -2.493390031628066694e+01
-4.694981377878254136e+01 5.857627472342742436e+01 -4.230218384487746874e+01
3.953686334194230056e+01 -2.086340187858505146e+01 -3.214762162694817960e+01
1.441362044958916044e+01 -4.078411019047938879e+01 -2.268906399976684085e+01
-2.374782938213536809e+01 -5.952494330760350394e+00 -2.936920446718952604e+01
3.472043366033204848e+01 2.630023494260864325e+01 -3.729359120009922890e+01
-3.543419766905989832e+01 1.870473772474680629e+01 -3.596687137157648806e+01
5.648879292160140864e+01 -3.260147378334117718e+01 -4.887524277184309085e+01
4.278659729666482292e+01 2.710331363047830422e+01 -4.086789862507369264e+01
1.751322076340640077e-01 -7.776616607926683855e+01 -3.976022781866596034e+01
-1.393151641641360605e+01 -3.931874551982669885e+01 -2.395282823572809860e+01
4.659412795566045418e+01 2.946190573127572065e+01 -4.459662815260446678e+01
-3.368766094788921350e+01 -6.892309811519896812e+01 -5.280124043571517944e+01
2.311515786454686605e+01 6.279319107369622088e+01 -2.979773365368091476e+01
-4.689259093914868259e+01 6.671537604241150277e+00 -3.764027355098805572e+01
4.428528990795526710e+01 -3.768985522433839463e+01 -3.843069074575615218e+01
-2.707275215443910454e+01 3.830644879971263350e+01 -2.920637273598892492e+01
-4.032782824216231887e+01 3.757142987717562477e+01 -3.372716512849605408e+01
2.826713968441238833e+01 7.208751726852007380e+01 -3.574456679076112664e+01
-5.877448431717275668e+01 -6.671880731361585326e+00 -4.955887148649281215e+01
3.271133503026064915e+01 4.782247444364240607e+01 -3.403026911215071237e+01
3.641853472577361828e+01 3.177399949504091481e+01 -3.898154734586528036e+01
-2.890851923221489272e+01 6.449165872252447684e+01 -3.230525969367751316e+01
6.177838858538851952e+01 1.676106299699251423e+01 -5.312741277044942478e+01
4.500134592496377905e+01 -5.755983608565162513e+01 -5.172313932011135051e+01
2.281302288610433848e+01 5.349822920980827945e+01 -2.682053835403535658e+01
-2.400941569356087868e+01 1.724232374644747523e+01 -3.397372319760719961e+01
-3.378948464093484461e+01 1.487084018909434135e+01 -3.479927412824368105e+01
-4.719970078148843129e+01 -5.120406544217148337e+01 -5.284726699442926190e+01
-1.122337011391659090e+01 5.282625209017752610e+01 -2.636680795552787160e+01
-9.037560304502617825e+00 5.116047578344006297e+01 -2.656367645246832510e+01
5.287767441293797077e+01 3.935561144632966091e+01 -4.891823877562148937e+01
-2.370101033853893568e+01 1.362180878311445476e+01 -3.253885414930716991e+01
1.000758385868686950e+01 -3.599914315296165768e+01 -2.061041298007182831e+01
2.332276818104887539e+01 7.434127871225398110e+01 -3.455822766601716722e+01
2.680911215601480535e+01 4.617332295104671402e+01 -3.262860473561114816e+01
9.703666027330140054e+00 -6.899839120347357380e+01 -2.612712844133441337e+01
5.124037467596743056e+01 -3.083442672820524422e+00 -3.859495010720895181e+01
3.926694615047000525e+01 3.789495992319070972e+00 -3.414078715916994611e+01
-5.035058436597874021e+01 7.844684018563664551e+01 -5.122868961730332416e+01
5.688942964917343659e+01 2.989547609489724778e+01 -5.316090733852158934e+01
1.178548310183780501e+01 3.770300667188970323e+01 -3.267258745211110949e+01
4.839264673768493452e+01 4.482676011181045794e+01 -4.212465896133552690e+01
-4.828399754728329185e+01 -2.397016678425810099e+01 -3.995963392390120106e+01
-1.683254977154592069e+01 4.933027808970525285e+01 -2.804956812412824618e+01
5.020197479522754946e+01 6.792002025547779454e+01 -5.031649777300593485e+01
4.319247983400894553e-01 -4.822796316208795986e+01 -2.473043839562954815e+01
2.984650170908617639e+01 3.586650786900043464e+00 -3.194740396363560464e+01
-5.018862171120347426e+01 1.802845865828708938e+01 -4.336677817526848600e+01
6.383655444062603657e+00 3.106977775306963707e+01 -2.459930924490172899e+01
4.963320511763384957e+01 -1.557830810477301142e+01 -3.774153961874540641e+01
3.283483206670951660e+01 2.500092390599311898e+01 -3.620110744064459141e+01
3.801658398853940923e+01 -4.228842086321388649e+01 -3.606005649368898958e+01
-9.439385010359210071e+00 1.913637879826234922e+01 -1.938127015754655957e+01
-2.982549037552477600e+01 3.717245838010387615e+01 -2.811933761805703469e+01
1.600365170430289918e+00 4.461479481097257604e+01 -2.648641967577817269e+01
2.344192320760356907e+01 2.305501204641365121e+01 -3.585792782850249694e+01
-2.897538957025030371e+01 7.517128994237050676e+01 -3.631014324444190322e+01
2.826769460723443927e+01 2.475439747064505625e+01 -3.627061408614255811e+01
-5.869575147392718861e+01 1.131348797493037495e+01 -4.884820772712885883e+01
4.997741745662759882e+01 4.167372662218529200e+01 -4.452689825769157039e+01
3.451741097024491722e+01 -5.821758124027451231e+01 -3.940565225481408618e+01
-1.405611627971776656e+01 3.023135563391065972e+01 -3.410128878442465350e+01
4.295225034774762207e+01 -3.734521252089366783e+01 -3.730880406018109596e+01
-5.728608402814905354e+00 5.755373933985126911e+01 -2.640298736616924913e+01
-5.066199494977966822e+01 -4.389832457403288402e+01 -5.109457362006104120e+01
-1.764461693225931072e+01 1.877982393802665939e+01 -3.116109311681419669e+01
4.756316315890517288e+00 -7.722374801386942522e+01 -3.898779532012424909e+01
2.321005468329937216e+01 -5.810765417220277129e+01 -2.980121641250172360e+01
-4.194530716689921235e+01 -2.047250618588557103e+01 -3.434545122975871578e+01
4.015807907325000059e+01 -6.380258544845791135e+01 -5.126598171205430532e+01
3.710404447308933129e+01 5.750217734885986687e+01 -3.348321561759568965e+01
5.169641297102698729e+01 2.840663799029194436e+01 -4.863860936247939293e+01
1.006479282327133262e+01 1.906294896953179929e+01 -2.188506385143002220e+01
-9.687693967267067663e+00 6.735631017153403377e+01 -2.879395650726257827e+01
7.242909077696545239e+00 -1.625724429506614666e+00 -3.620605521177811426e+00
-4.650255986225514171e+00 -3.511452876310106608e-01 -1.881122322607686304e+00
3.643891243178791939e+01 2.359214087678409300e+01 -3.703540133644418120e+01
-5.519270253081656108e+01 5.438127554867934421e+00 -4.418813074054237688e+01
-1.596533660721045678e+01 3.789731099553210925e+01 -3.346226064961660995e+01
6.761166956307357312e-01 6.079830976071823301e+01 -2.725895734374979185e+01
6.286659409736307325e+00 1.061132426918210570e+01 -7.383457564664456463e+00
-5.194133433895289187e+01 1.962334963829724543e+01 -4.550182959276509109e+01
4.306689300525665232e+01 -4.183647252478188250e+01 -3.927276109797998060e+01
2.469470085462791076e+01 5.592953870394635629e+01 -2.686682516115043384e+01
5.651797502102611759e+01 8.705542460134880756e+00 -4.524193497469640590e+01
2.002215702065210934e+01 5.065809593888432971e+01 -2.891319619695986631e+01
-5.044826341418887239e+01 4.106437208505017367e+01 -4.455005921805924629e+01
-1.060258637037412965e+00 -1.988100027749929311e+01 -1.582847382919207213e+01
1.047169057414662419e+01 7.715659306797924444e+01 -3.202349698926558119e+01
-5.225155864981043408e+01 -3.137734366749662129e+01 -4.677975605931392522e+01
-5.189742858430472694e+01 -1.749961264420657514e+01 -4.257214069514127885e+01
-4.204072588964054802e+01 -4.458430292641641302e+01 -4.197871149592153017e+01
1.675617661183817830e+01 1.502503799816144614e+01 -2.820855744440265056e+01
3.141607123063236529e+01 -6.721498895291058773e+01 -4.258084836080938373e+01
3.131022785210226544e+01 -5.615135322517188499e+00 -3.015297849699506472e+01
-5.366169808686152010e+01 2.776186510628978255e+01 -5.002055650247955043e+01
-2.397089813665000690e+01 -1.104655941238412531e+01 -2.826770321160776689e+01
4.449390315528823692e+01 -1.219919923165641862e+01 -3.351202250478364419e+01
3.569073182902713803e+00 1.874524074585207600e+01 -1.307538719807640959e+01
-4.358799427837219298e+01 5.851591601880608096e+01 -3.869480931527034784e+01
5.293146905768139732e+01 -3.811289686446663438e+01 -4.705504017787687587e+01
-1.426799687956077811e+01 -2.023599748314421376e+01 -2.034103072554986724e+01
-4.694685646992795114e+01 6.079545451429392955e+01 -4.292360017801804872e+01
-7.809358857263080544e+00 -2.285970670158760143e+01 -1.676347656216147186e+01
-2.245950729150003866e+01 2.691128697587314633e+01 -3.726439356357450805e+01
-4.682361773210266875e+01 -2.595804258788862739e+01 -3.896416132894287188e+01
5.350229181324455130e-01 3.002999201953674557e+01 -2.155447517060169460e+01
4.625263539752577913e+01 4.079199616274463480e+00 -3.668189271088543535e+01
4.770480511832251125e+01 3.837266680223278570e+01 -4.135843721271793072e+01
4.338609714417433594e+01 6.778174432046164100e+01 -4.373314751188889460e+01
2.660672291622622154e+01 -2.185210711719583543e+01 -2.533483049715789903e+01
5.976852639110006749e+01 -9.656673541385401904e+00 -4.858217438335022820e+01
-2.226540109726269279e+01 -6.311588354937391898e+01 -3.223000807933862433e+01
-4.027618549617855592e+01 5.415308516866044641e+01 -3.383331179174970060e+01
8.445767957207674925e+00 -5.136192186503308221e+01 -2.482333670326213948e+01
1.652819685883789091e+01 4.109159139407850603e+01 -3.276596312676998934e+01
4.650485754624855161e+01 -4.204582339736940355e+01 -4.251562506906336836e+01
-4.994909892013902919e+01 -3.736812771056201399e+01 -4.651117418406870740e+01
4.137601738277916041e+01 -4.876002356514138825e+01 -4.173610873907408347e+01
-5.018718887518476635e+01 -8.012928666983142989e+00 -3.962070070391632015e+01
-5.350781310436693872e+01 -1.974126218199781135e+01 -4.494283827067496162e+01
1.723883873084753215e+00 7.381996348722125845e+01 -3.044621084677587675e+01
3.004171907757714877e+01 4.458439446794194794e+01 -3.197875693189395108e+01
-2.886410989202235555e+01 -2.075478188437178773e+01 -2.795132536248060973e+01
-1.904576000000000136e+01 -7.157699999999998397e+00 -2.286000000000012733e+01
4.983112621471413206e+01 3.768531829438164493e+01 -4.488124415439570924e+01
-2.854694154039778553e+01 4.620624464392123798e+01 -3.266399499091691894e+01
-5.036254894631325385e+01 -4.177711086170899790e+01 -4.931176820965862362e+01
9.934781089146833111e+00 -1.215202804934924430e+01 -1.778659889857137344e+01
4.200196823849950789e+01 6.602787725143046771e+01 -4.187711258097947109e+01
-3.212219113974622076e+01 -1.519599047039392836e+01 -2.977734377513645114e+01
-5.200543976042663274e+01 2.615966968369939849e+01 -4.844540411449169426e+01
1.829015504686545768e+01 -2.876359285738925564e+01 -2.230707032031471471e+01
-1.413082626024225341e+01 -7.098971135599448701e+01 -3.039634926950326488e+01
-5.680766412463816550e+01 2.213340907957380033e+00 -4.590989941004467312e+01
-5.521749575936191690e+01 5.759839849121126321e+01 -5.232775055543214648e+01
2.728622741435086851e+01 5.493841049672865751e+01 -2.744653933384464040e+01
4.676015196909288818e+01 7.210978440891436492e+01 -4.778943977886650885e+01
7.845545229573483326e+00 -6.558118274888688481e-02 -3.962998561028686417e+00
4.798675431071755781e+01 -3.181376697100022355e+01 -3.911843772018992382e+01
-2.853271104846484008e+01 5.914514764351921627e+01 -2.966269678349637928e+01
-2.891051134772957276e+00 5.239597150529948522e+01 -2.609232905224420662e+01
2.310644127249693014e+01 5.547525534789656376e+01 -2.650144404130799103e+01
-3.694485761625053044e+01 5.422489686414502330e+01 -3.156582727281596590e+01
-2.088398042636803353e+01 8.609339712673776290e+00 -2.935606004879431197e+01
1.978252905848319187e+01 -3.692264075396258960e+01 -2.658802265026216816e+01
6.826233192655425164e+00 -4.909349036820653822e+01 -2.470026264125610993e+01
-4.690091880354132314e+01 -1.062734069701165751e+01 -3.692477283109833763e+01
-3.054166868848562189e+01 6.866106472122467608e+01 -3.472427602843738725e+01
-5.794407597015768019e+00 -6.230988869026450772e+01 -2.378132984789602489e+01
5.324750118161288981e+01 -2.443331706594943142e+01 -4.295783592768965775e+01
-4.711024797471782222e+01 -4.505829681834181599e+01 -4.765517033782053602e+01
-4.192024543380632906e+01 -1.206749596358723053e+01 -3.359316111317738773e+01
-2.096879040184457565e+01 7.390846343057791046e+01 -3.287128168406279372e+01
-2.095157092666863008e+01 -3.178228980294293748e+01 -2.723592343965005469e+01
-4.193342290251858628e+01 4.106012711028225404e+00 -3.479590046877766696e+01
-1.059216758654286927e+01 -4.630275747378003359e+01 -2.483594075269387957e+01
-2.874883870396128138e+00 4.988189516305401838e+01 -2.621170264636817748e+01
-2.505975446481326419e+00 7.715940471176206472e+01 -3.128643899840005815e+01
3.891636825256391541e-01 -6.428309088697434959e+01 -2.416805652498803880e+01
5.974442871966558499e+01 -4.648839718033454638e+00 -4.787714971702077094e+01
1.811720754744748874e+01 -1.722870460868019649e+01 -2.148307359733315280e+01
-1.719385040771569351e+01 2.830453493819292632e+01 -3.636675683278091498e+01
9.940081063417796514e+00 -2.277520369904446085e+01 -1.712253864744554477e+01
4.959081107158890234e+01 -2.044846390909335554e+01 -3.838795716309789441e+01
5.206101279011685534e+01 6.611412607706421340e+01 -5.208633349771605481e+01
-4.854145563257314677e+01 -4.094544717666773082e+00 -3.801563978875199012e+01
1.146608920336551662e+01 5.434783926358824147e+01 -2.648254916650720858e+01
-4.399333413838690809e+00 3.009198298887794554e+00 -2.206075303002752896e+00
-1.908877999999999986e+01 3.309520000000000550e+01 -4.134000000000014552e+01
3.145439795059017385e+01 -6.877153026749687115e+01 -4.483249617787824093e+01
3.805258587110114377e+01 1.216974233893135171e+01 -3.621084641373352753e+01
3.109963319503807000e+01 5.736767708390718923e+01 -2.990774699541498904e+01
-5.938083136058850187e+00 2.220236782219931371e+01 -1.737311894102472820e+01
1.175462878434765734e+01 7.688126364043853300e+01 -3.216784403486407484e+01
1.646314900342683174e+01 -1.961013017670291703e+01 -2.056591094660993591e+01
-4.064250228513277818e+01 3.122424976918149397e+01 -4.116790321259385621e+01
4.170190651642234769e+01 -5.907804821935508244e+01 -4.887030223318055278e+01
1.991594596878062617e+01 -4.180657067742914990e+01 -2.733247972475213672e+01
1.004344526864170994e+01 -3.815296662386170112e+01 -2.003981840600124897e+01
-3.876255540473676575e+01 7.696468584510516564e+01 -4.191954282255017716e+01
2.301152467572903859e+01 7.874901310424563405e+01 -3.553656126600766640e+01
2.468285619572558431e+01 1.678985753396890246e+01 -3.409539838070599416e+01
1.994669648053017941e+00 6.545149685443138310e+01 -2.837751392828022290e+01
-3.307600157177584155e+00 1.710823074978824465e+01 -1.122509338762153419e+01
-5.841090049856580890e+01 -3.021049807997362002e+00 -4.835310852299254236e+01
8.166942378301898842e+00 -4.679224422636512770e+01 -2.383306408050692227e+01
6.209555753243298781e+00 -1.503133211058432783e+00 -2.849966699705498208e+00
-9.692036960801647894e+00 6.409511181848411354e+01 -2.780333657650082912e+01
2.153282188876677239e+01 2.485390057807363817e+01 -3.605891029113578838e+01
-7.748072607673613277e+00 1.924833343668326791e+01 -1.659418733894179709e+01
3.662496733629540557e+01 6.954635372037327734e+00 -3.450322781757950708e+01
-2.623335356174255395e+00 -2.142283722429433368e+01 -1.556472364823829047e+01
1.146783556194779052e+01 7.552566139882281959e+01 -3.185936701327458564e+01
-4.695574636398298907e+01 1.540610061812639664e+01 -4.028147834862009802e+01
-2.889936347966246899e+01 -6.207222230983654754e+01 -3.835261916934110360e+01
-2.719610707771347435e+01 -5.747290767900261699e+01 -3.537496340369430925e+01
5.128562010521088865e+01 2.373051822634193453e+00 -3.951469769376459595e+01
-4.750085750941670071e+00 6.737257556675338321e+01 -2.868488983863214870e+01
5.621468276753235216e+01 -1.597519102375385636e+01 -4.473854545246135928e+01
3.957397320066075963e+01 -3.007251391903897542e+01 -3.352532399489336257e+01
1.184924881232167060e+01 2.060223699893388982e+01 -2.573274730613305650e+01
3.314683490619237283e+00 -6.727029162871276924e+01 -2.512266335878677381e+01
-2.072685300725970947e+01 -5.924261915410068013e+01 -3.025965569643408415e+01
1.009311563927122890e+01 2.970382575645721701e+01 -2.885711875060757237e+01
3.623019888188647997e+01 -1.090239361107055061e+01 -3.062144186436676563e+01
3.637055573375725004e+01 1.062527921438533873e+01 -3.535431341677516315e+01
1.728900722819944447e+00 6.900472344800532198e+01 -2.928598359211698465e+01
-1.310577801352608063e+01 1.139221408763522625e+01 -1.834993011484811376e+01
-4.523743485210450643e+01 -2.203743451902310113e+01 -3.704829003320797653e+01
-1.586244128429551914e+01 -5.630168981306086096e+01 -2.707798195248220097e+01
-2.990005921823565505e+00 -1.765720154197464753e+00 -1.320617791895549065e+00
5.674700112100934746e+01 -3.759010094188115403e+01 -5.124835540097733144e+01
-2.885790105744111855e+01 -1.031193625476840836e+01 -2.921457632973542928e+01
4.633337087943370847e+01 1.224235881744678167e+01 -3.928509779612824104e+01
-4.684573068064811707e+01 -1.725211196023428784e+01 -3.752808018670233992e+01
-3.699674873478041803e+01 -6.440025948107805220e+01 -5.171129099458138256e+01
-9.371849507829050907e+00 -5.404838422868344594e+01 -2.520448916439849540e+01
3.794815643979340791e+01 -1.346534425031851612e+00 -3.224713979278693898e+01
7.153689955513897303e+00 5.107263417799742911e+01 -2.678042056275188543e+01
-3.122241943229524708e+01 3.797236216373079998e+01 -2.858667056187005784e+01
6.603914941002980932e+00 -2.266682775063847899e+01 -1.572829010069391487e+01
2.378989591966100292e+01 -7.050425956992619092e+01 -3.625740996839925856e+01
2.315832783243961757e+01 -3.707353874979562391e+01 -2.931244859847215167e+01
2.324932939931344578e+01 1.227105877623814933e+01 -3.222509216308028357e+01
3.135475927688121445e+01 5.035798831033962841e+01 -3.348787072289628952e+01
6.313656570511356136e+01 6.068236835282062813e+00 -5.274202878753218471e+01
1.259431858361118373e+01 -7.479389621928975274e+00 -2.207843966236510269e+01
4.505984831387017664e+01 7.437151413347190498e+01 -4.705341076698385194e+01
-5.194056835870173927e+01 -2.676609091502514914e+01 -4.477160659009388155e+01
-1.877527724176192336e+01 5.749326112277834966e+01 -2.653459553845434726e+01
2.317879846661220000e+01 -1.350002109316749888e+01 -2.599160135033769592e+01
-5.522996226967851641e+01 1.206878311066847331e+01 -4.532542064008535476e+01
1.131056079608663723e+01 -6.728267372205498020e+01 -2.558296711733188289e+01
-4.028479639946011304e+01 -2.917790040057515100e+01 -3.473276858652521071e+01
-4.356185352145902101e+01 -5.659458339342942068e+00 -3.449916542106488748e+01
3.277063587219107887e+01 2.214890971194514613e+00 -3.219076960270680843e+01
-3.539080985320490669e+01 2.042978765125999985e+01 -3.621307056146364545e+01
1.529114352876556815e+01 -5.107535235652341044e+01 -2.634350565369887676e+01
-3.016824832301597326e+01 -6.039525453706998093e+01 -3.916007146849626253e+01
-1.766830104637847398e+01 1.992397476043869275e+01 -3.182986020500611701e+01
2.655343530756811177e+01 2.369046011049000811e+01 -3.621938887033811483e+01
-1.226897346456845916e+01 -7.388014059181264415e+00 -2.255259757686363642e+01
3.493833468963156719e+01 1.322100999306794122e+01 -3.562295276920861653e+01
-4.033606404215330343e+01 2.317336509425284063e+01 -3.890800207255198018e+01
6.162079779960306780e+01 1.460440774159986077e+01 -5.225148044858142526e+01
-3.403038249768895440e+01 4.086449225489098325e+01 -3.109055522980903064e+01
-2.031992737932596071e+01 7.718747934358012230e+01 -3.357675828779537142e+01
1.843615825378039474e+01 1.334330749267646787e+01 -2.919301318508244591e+01
-5.022033603338907426e+01 1.299645344558071791e+01 -4.136182673738775861e+01
1.896439585058137256e+00 -3.741325577924935430e+01 -1.853234947220975215e+01
-1.099171556177124032e+01 5.145559032559580004e+01 -2.662621114780986176e+01
-5.350986546230852525e+01 -2.671435949514838626e+01 -4.664521711634244383e+01
-2.891109147452057115e+01 7.366819959059459677e+01 -3.575436754995924815e+01
-1.749372827267919206e+01 -5.731160904669623335e+01 -2.787336591794023732e+01
1.139831860391099383e+01 4.767007408078876907e+00 -1.003686412791993732e+01
-1.745015877842623553e+01 -3.586546689220830331e+01 -2.796789399423985856e+01
-1.110351712656079215e+01 -6.426958825673769127e+01 -2.538768013412077806e+01
3.125871773684211874e+01 -1.833037161622390698e+01 -2.797515796043579783e+01
